760 1666108488
5160 1666108508
380 1666108678
2340 1666108918
2480 1666108921
160 1666108942
600 1666108958
580 1666109035
1700 1666109045
800 1666109075
840 1666109221
500 1666109354
2580 1666109389
4720 1666109606
1500 1666109612
3200 1666109745
660 1666109894
820 1666109925
3600 1666109959
1440 1666110041
440 1666110052
1340 1666110090
440 1666110130
2080 1666110197
900 1666110216
3600 1666110248
1920 1666110267
1380 1666110303
1380 1666110335
840 1666110343
1420 1666110343
7080 1666110417
520 1666110447
1960 1666110451
1580 1666110457
100 1666110505
1680 1666110599
2140 1666110716
180 1666110836
15520 1666110842
700 1666111000
2780 1666111017
620 1666111097
1940 1666111294
1900 1666111316
380 1666111402
280 1666111418
2120 1666111427
1940 1666111548
1020 1666111625
5280 1666111661
340 1666111667
1100 1666111736
1320 1666111749
1980 1666111855
780 1666112002
3800 1666112025
1940 1666112149
300 1666112179
4620 1666112182
680 1666112184
4360 1666112187
1620 1666112240
1360 1666112307
4480 1666112327
800 1666112405
440 1666112535
80 1666112539
2100 1666112580
340 1666112620
3180 1666112754
1080 1666112778
660 1666112848
520 1666112885
500 1666112889
5000 1666112949
460 1666113032
420 1666113033
1360 1666113111
3580 1666113121
3800 1666113288
460 1666113344
6980 1666113388
200 1666113431
3100 1666113434
460 1666113462
4680 1666113490
780 1666113494
1020 1666113593
580 1666113667
940 1666113693
560 1666113709
3360 1666113712
380 1666113716
100 1666113785
1800 1666113801
960 1666113852
2880 1666113882
380 1666113988
2580 1666114073
440 1666114095
3020 1666114131
1500 1666114197
2980 1666114199
440 1666114201
2960 1666114212
880 1666114229
360 1666114296
620 1666114342
620 1666114453
4360 1666114468
3520 1666114476
860 1666114610
13500 1666114629
100 1666114649
460 1666114677
8080 1666114716
5140 1666114727
1240 1666114735
320 1666114762
240 1666114771
1620 1666114792
4100 1666114822
140 1666114866
2160 1666114892
3760 1666115139
1020 1666115170
100 1666115284
3240 1666115301
3720 1666115370
960 1666115382
1420 1666115450
2080 1666115623
500 1666115817
2300 1666115838
560 1666115884
1660 1666115899
1160 1666115952
1460 1666116008
900 1666116026
2220 1666116149
420 1666116174
7200 1666116210
5160 1666116313
3400 1666116343
1000 1666116433
3760 1666116520
1320 1666116562
7240 1666116589
880 1666116650
9000 1666116724
4620 1666116770
1100 1666116800
360 1666116918
860 1666117011
200 1666117047
2400 1666117070
380 1666117144
220 1666117151
880 1666117160
4600 1666117183
1840 1666117212
640 1666117329
1440 1666117335
1740 1666117418
1260 1666117435
920 1666117593
3380 1666117677
1500 1666117860
520 1666118023
3660 1666118044
5040 1666118058
1340 1666118136
1520 1666118176
2820 1666118321
140 1666118326
6120 1666118364
1340 1666118512
1880 1666118514
2380 1666118518
360 1666118555
4080 1666118594
7340 1666118678
1460 1666118704
1100 1666118720
240 1666118789
980 1666118797
480 1666118891
3500 1666118949
660 1666118954
7500 1666118977
1180 1666119049
8200 1666119181
12760 1666119205
1160 1666119207
540 1666119235
2900 1666119290
1860 1666119302
1380 1666119398
80 1666119400
820 1666119446
8280 1666119461
5600 1666119648
3080 1666119772
1480 1666119825
1380 1666119982
1980 1666120028
2800 1666120040
1000 1666120081
3080 1666120179
3180 1666120239
2560 1666120282
3640 1666120310
4480 1666120342
3400 1666120466
6140 1666120487
1680 1666120589
820 1666120598
1120 1666120608
400 1666120619
7040 1666120685
840 1666120745
1220 1666120849
540 1666120885
200 1666120982
500 1666121073
1500 1666121113
860 1666121160
1320 1666121173
660 1666121179
3260 1666121196
1860 1666121196
440 1666121211
2480 1666121254
3740 1666121306
920 1666121489
2800 1666121496
140 1666121533
1980 1666121556
2980 1666121611
8780 1666121677
3540 1666121728
680 1666121731
2840 1666121771
17980 1666121867
980 1666122074
3180 1666122082
440 1666122100
1160 1666122101
2900 1666122107
2420 1666122204
3080 1666122243
540 1666122359
14660 1666122398
2260 1666122429
1080 1666122449
1500 1666122528
4600 1666122595
300 1666122641
2260 1666122690
840 1666122729
1960 1666122762
1840 1666122783
2780 1666122876
720 1666122897
440 1666122947
680 1666122992
5020 1666123165
840 1666123203
2580 1666123353
940 1666123372
5180 1666123386
940 1666123519
280 1666123537
2520 1666123619
1520 1666123781
160 1666123853
3900 1666123874
1840 1666123906
740 1666123909
440 1666123922
3020 1666123978
11880 1666124023
19540 1666124106
400 1666124113
2420 1666124146
300 1666124190
340 1666124295
840 1666124300
4980 1666124378
4040 1666124430
620 1666124464
4420 1666124530
4000 1666124537
860 1666124559
3720 1666124686
600 1666124743
3280 1666124757
900 1666124757
2080 1666124878
1580 1666124976
2440 1666124982
920 1666125003
680 1666125040
1720 1666125152
18680 1666125220
1060 1666125237
760 1666125249
1640 1666125252
3120 1666125258
640 1666125262
3500 1666125289
19300 1666125294
2800 1666125310
2580 1666125399
860 1666125408
260 1666125438
3560 1666125729
3960 1666125749
1980 1666125801
5900 1666126037
780 1666126064
340 1666126123
2580 1666126152
640 1666126307
460 1666126403
6420 1666126453
700 1666126609
1560 1666126627
6840 1666126692
1680 1666126793
500 1666126819
1320 1666126822
5000 1666126868
140 1666126896
1360 1666126973
2560 1666126979
400 1666126997
240 1666127033
720 1666127213
2140 1666127346
2340 1666127370
1900 1666127475
200 1666127505
720 1666127630
120 1666127741
2260 1666127883
80 1666127945
3060 1666128020
3600 1666128112
80 1666128148
600 1666128170
10740 1666128289
1460 1666128451
1060 1666128454
3440 1666128503
1300 1666128522
2040 1666128535
820 1666128542
1420 1666128558
360 1666128586
1020 1666128640
1600 1666128706
1240 1666128725
100 1666128730
3360 1666128733
1620 1666128760
240 1666128860
1280 1666128862
3840 1666128914
1140 1666128975
800 1666129171
740 1666129198
1640 1666129276
6440 1666129316
12780 1666129472
660 1666129542
640 1666129571
14180 1666129590
2220 1666129694
1760 1666129826
720 1666129858
1840 1666129893
100 1666129979
2420 1666129986
420 1666129988
6540 1666129997
1880 1666130015
160 1666130019
300 1666130082
380 1666130117
1420 1666130236
3240 1666130288
320 1666130425
2080 1666130427
660 1666130435
2200 1666130443
2200 1666130447
1780 1666130457
5480 1666130490
10760 1666130584
3780 1666130756
1000 1666130775
120 1666130787
12440 1666130847
880 1666131001
2940 1666131130
1120 1666131177
2040 1666131312
1880 1666131414
2760 1666131470
660 1666131500
3620 1666131514
200 1666131542
700 1666131586
880 1666131750
1880 1666131779
560 1666131788
9360 1666131887
4720 1666132113
920 1666132124
740 1666132129
4760 1666132160
2100 1666132264
4900 1666132372
220 1666132407
3520 1666132534
580 1666132555
400 1666132575
520 1666132651
3440 1666132655
320 1666132700
1700 1666132809
6600 1666132947
4860 1666132993
2800 1666133027
1040 1666133103
4540 1666133221
100 1666133387
1280 1666133411
1860 1666133450
1420 1666133485
1040 1666133579
2880 1666133835
3060 1666133878
440 1666133912
300 1666133934
1760 1666134013
8200 1666134014
620 1666134045
80 1666134090
6300 1666134104
240 1666134105
900 1666134135
600 1666134148
480 1666134202
1060 1666134287
8760 1666134302
2220 1666134308
3400 1666134320
2720 1666134430
680 1666134551
2120 1666134708
1580 1666134710
4280 1666134712
2320 1666134809
1900 1666135019
1020 1666135031
800 1666135071
7220 1666135130
240 1666135275
4020 1666135318
480 1666135332
1100 1666135463
980 1666135567
8720 1666135590
1620 1666135657
1300 1666135740
520 1666135778
1780 1666135788
2020 1666135805
600 1666135856
8500 1666135872
1960 1666135886
620 1666135941
220 1666135967
320 1666136017
920 1666136029
880 1666136051
5200 1666136077
580 1666136117
1400 1666136117
2480 1666136175
160 1666136178
4520 1666136232
1820 1666136248
1940 1666136313
5320 1666136403
220 1666136490
1100 1666136499
180 1666136542
380 1666136647
740 1666136676
2020 1666136712
600 1666136750
320 1666136768
500 1666136772
300 1666136801
1900 1666136897
1700 1666136934
700 1666137013
1600 1666137033
1540 1666137102
600 1666137131
4360 1666137166
720 1666137213
12820 1666137260
2580 1666137331
420 1666137353
2220 1666137408
740 1666137420
6120 1666137465
2780 1666137489
80 1666137496
520 1666137529
620 1666137559
5040 1666137640
1100 1666137733
440 1666137759
2320 1666137822
2360 1666137837
440 1666137845
460 1666137852
1640 1666137937
1860 1666137987
1080 1666137989
4840 1666138023
1900 1666138052
1760 1666138054
1280 1666138187
1160 1666138202
1100 1666138243
340 1666138258
4440 1666138295
420 1666138420
5360 1666138475
7740 1666138522
280 1666138599
4960 1666138631
2380 1666138720
4640 1666138725
1860 1666138755
540 1666138938
1860 1666139196
3640 1666139285
620 1666139329
1860 1666139391
1020 1666139446
3820 1666139512
1020 1666139692
1600 1666139757
4980 1666139826
3400 1666139918
2760 1666139920
660 1666139989
140 1666140050
1120 1666140252
1140 1666140263
380 1666140431
900 1666140434
700 1666140500
4120 1666140532
1980 1666140668
1140 1666140841
280 1666140853
1280 1666140922
2520 1666140931
820 1666140943
3720 1666140948
2840 1666140974
440 1666141056
1800 1666141175
340 1666141259
740 1666141355
2880 1666141391
960 1666141420
1360 1666141562
240 1666141868
3760 1666141980
1940 1666142062
340 1666142124
1000 1666142273
460 1666142287
3840 1666142375
780 1666142435
7380 1666142480
3240 1666142491
1060 1666142508
500 1666142702
320 1666142713
1900 1666142750
620 1666142752
5020 1666142768
1160 1666142783
780 1666142873
3240 1666142924
360 1666142949
3480 1666142953
440 1666142974
3660 1666143017
3940 1666143068
1180 1666143260
3020 1666143272
2100 1666143300
340 1666143350
1260 1666143367
2740 1666143487
1020 1666143522
5620 1666143678
8160 1666143696
5500 1666143756
1640 1666143760
80 1666143789
420 1666143803
540 1666143839
360 1666143880
440 1666144053
860 1666144127
2040 1666144164
400 1666144176
1640 1666144194
4000 1666144200
1320 1666144227
1720 1666144230
3240 1666144290
3800 1666144352
1320 1666144410
120 1666144476
1140 1666144481
1080 1666144493
460 1666144536
440 1666144565
12260 1666144648
2600 1666144748
13300 1666144834
7900 1666144860
2860 1666144862
1020 1666144871
880 1666144904
4900 1666144907
8960 1666144938
6600 1666144969
820 1666145010
860 1666145044
440 1666145059
900 1666145095
660 1666145136
3600 1666145185
100 1666145309
3960 1666145333
3960 1666145334
2180 1666145379
360 1666145400
100 1666145575
980 1666145576
3600 1666145576
1500 1666145614
2180 1666145635
460 1666145704
900 1666145759
760 1666145829
1560 1666145879
2160 1666145884
1840 1666145891
320 1666146079
4780 1666146129
4800 1666146175
440 1666146251
140 1666146319
380 1666146340
260 1666146362
3860 1666146374
6300 1666146378
600 1666146461
60 1666146491
980 1666146492
1140 1666146499
4220 1666146505
4640 1666146579
2100 1666146660
3180 1666146696
220 1666146709
1500 1666146759
400 1666146760
2620 1666146859
3900 1666146878
440 1666146913
3760 1666146947
500 1666147006
3520 1666147012
1040 1666147040
480 1666147065
4740 1666147132
720 1666147380
120 1666147405
700 1666147443
2240 1666147519
1180 1666147649
1640 1666147702
880 1666147733
2840 1666147754
3120 1666147819
460 1666147850
320 1666147897
1940 1666148019
2780 1666148179
520 1666148228
500 1666148232
420 1666148285
440 1666148496
300 1666148551
3160 1666148664
280 1666148719
960 1666148787
4080 1666148794
3460 1666148872
340 1666148889
1300 1666148966
120 1666149007
1080 1666149009
280 1666149076
8960 1666149092
6940 1666149173
6300 1666149226
2000 1666149231
3840 1666149383
2940 1666149473
2580 1666149502
3820 1666149513
1580 1666149541
3180 1666149561
2440 1666149600
1340 1666149729
1000 1666149798
1120 1666150066
640 1666150185
1320 1666150328
2660 1666150363
300 1666150522
140 1666150577
280 1666150777
180 1666150837
3040 1666150938
760 1666150973
980 1666150981
4680 1666151014
1520 1666151047
2400 1666151070
1060 1666151103
600 1666151128
2060 1666151154
1740 1666151186
380 1666151201
100 1666151287
1160 1666151295
3760 1666151302
140 1666151305
4720 1666151461
80 1666151579
7120 1666151649
4580 1666151701
1100 1666151832
720 1666151834
1380 1666151845
3280 1666151869
1080 1666151876
3580 1666151890
1220 1666152030
640 1666152104
2980 1666152114
1500 1666152152
2100 1666152209
240 1666152219
360 1666152253
200 1666152336
5660 1666152386
480 1666152462
300 1666152489
1360 1666152520
5020 1666152600
9240 1666152635
3200 1666152653
400 1666152654
380 1666152739
1020 1666152923
2400 1666152943
1040 1666152958
920 1666153052
1120 1666153076
480 1666153098
720 1666153112
1340 1666153135
840 1666153229
3320 1666153344
400 1666153373
400 1666153405
740 1666153507
420 1666153528
440 1666153605
5180 1666153634
1900 1666153635
120 1666153654
2300 1666153669
4940 1666153712
300 1666153720
420 1666153836
960 1666153841
460 1666153841
1900 1666153920
280 1666153955
2360 1666154003
1400 1666154006
1700 1666154062
1420 1666154375
1740 1666154396
9240 1666154431
420 1666154456
1860 1666154619
480 1666154646
2620 1666154672
360 1666154685
1100 1666154708
240 1666154714
860 1666154725
1160 1666154739
4060 1666154755
3040 1666154846
1120 1666154975
380 1666155057
380 1666155194
580 1666155230
2660 1666155342
1600 1666155361
300 1666155476
820 1666155485
3080 1666155595
7360 1666155641
7380 1666155679
2080 1666155768
560 1666155781
1900 1666155791
420 1666156001
3960 1666156019
2420 1666156031
400 1666156069
320 1666156086
1240 1666156121
1000 1666156184
660 1666156208
18380 1666156287
240 1666156287
360 1666156366
3120 1666156376
580 1666156410
1560 1666156423
180 1666156491
7440 1666156561
180 1666156692
620 1666156753
360 1666156847
140 1666156874
920 1666156965
1820 1666157012
5360 1666157096
2140 1666157211
2800 1666157215
860 1666157473
800 1666157551
920 1666157555
700 1666157590
1160 1666157651
1400 1666157694
14480 1666157765
1880 1666157869
420 1666157911
160 1666157953
1400 1666158101
1300 1666158134
4400 1666158141
2460 1666158176
3200 1666158206
15080 1666158231
4460 1666158323
820 1666158404
2640 1666158447
2580 1666158518
1400 1666158538
1540 1666158555
3080 1666158575
3580 1666158582
720 1666158665
660 1666158679
3580 1666158682
720 1666158714
2500 1666158730
4620 1666158839
760 1666158992
2920 1666159022
520 1666159083
1720 1666159124
200 1666159131
480 1666159133
1560 1666159228
1520 1666159250
2860 1666159266
520 1666159268
4000 1666159307
2560 1666159322
780 1666159505
1160 1666159508
3240 1666159527
2940 1666159551
3720 1666159598
8640 1666159726
1120 1666159795
2000 1666159795
9320 1666159819
180 1666159859
3880 1666159948
5740 1666159973
5320 1666160036
1300 1666160071
2360 1666160087
7260 1666160098
6000 1666160131
2320 1666160169
1920 1666160201
3500 1666160233
3200 1666160252
940 1666160262
1000 1666160355
840 1666160445
500 1666160456
4960 1666160551
7480 1666160628
2020 1666160787
1480 1666160787
5660 1666160846
820 1666160941
1520 1666160976
3060 1666161042
1360 1666161090
3040 1666161145
180 1666161252
3060 1666161256
980 1666161302
3640 1666161310
120 1666161330
1780 1666161341
380 1666161360
400 1666161406
980 1666161495
280 1666161580
2320 1666161603
2000 1666161615
3680 1666161704
2040 1666161795
1560 1666161835
1720 1666161897
13560 1666161901
5740 1666161901
100 1666161928
2160 1666161974
4800 1666162169
10500 1666162220
5740 1666162259
3320 1666162299
340 1666162367
580 1666162453
3000 1666162454
1840 1666162511
2940 1666162557
3980 1666162571
2860 1666162578
2060 1666162650
2280 1666162679
440 1666162731
1020 1666162732
2260 1666162788
780 1666162801
2480 1666162913
1360 1666162941
680 1666162993
5020 1666163064
120 1666163095
420 1666163226
220 1666163393
1260 1666163421
820 1666163724
1400 1666163763
1820 1666163821
120 1666163857
2220 1666163888
2160 1666163982
7120 1666164042
4220 1666164055
7240 1666164065
240 1666164097
760 1666164122
160 1666164238
400 1666164289
820 1666164349
900 1666164656
3900 1666164662
3300 1666164673
4900 1666164747
380 1666164859
620 1666164898
100 1666164964
220 1666165104
4720 1666165121
960 1666165143
2200 1666165268
2140 1666165273
1140 1666165295
380 1666165399
420 1666165505
5100 1666165543
680 1666165710
440 1666165711
5160 1666165722
4380 1666165765
3080 1666165785
380 1666165796
2140 1666165825
1820 1666165867
820 1666165895
540 1666165970
2820 1666166039
3060 1666166112
4020 1666166161
1280 1666166202
1160 1666166203
680 1666166279
3100 1666166310
1640 1666166360
940 1666166448
1720 1666166450
3980 1666166503
400 1666166549
7880 1666166612
2820 1666166700
4480 1666166728
4520 1666166764
1500 1666167004
3900 1666167090
560 1666167129
240 1666167213
4000 1666167241
580 1666167258
80 1666167365
2440 1666167378
1260 1666167467
420 1666167483
700 1666167497
1340 1666167500
11640 1666167516
1700 1666167551
11780 1666167560
1480 1666167574
4580 1666167722
5520 1666167751
4560 1666167785
40 1666167792
1500 1666167831
1260 1666167965
1660 1666168097
140 1666168272
1660 1666168289
4680 1666168298
3600 1666168311
9120 1666168395
3240 1666168495
2120 1666168557
11080 1666168585
3040 1666168621
2020 1666168818
600 1666168904
620 1666168942
2100 1666168944
1760 1666168977
1860 1666168980
2700 1666168988
2480 1666169082
4160 1666169166
140 1666169222
200 1666169248
11380 1666169255
500 1666169277
840 1666169292
2120 1666169398
2000 1666169426
4880 1666169426
5800 1666169540
1140 1666169575
1660 1666169585
5420 1666169605
2060 1666169754
1560 1666169757
5620 1666169768
1980 1666169812
6440 1666169833
4120 1666169983
5780 1666170006
7200 1666170013
380 1666170084
280 1666170134
360 1666170202
440 1666170204
480 1666170293
2460 1666170340
460 1666170358
1380 1666170421
3340 1666170486
340 1666170612
660 1666170754
160 1666170757
4540 1666170776
13400 1666170810
2540 1666170922
160 1666170985
940 1666171077
2000 1666171084
420 1666171090
4480 1666171181
2000 1666171437
620 1666171493
380 1666171603
13240 1666171763
3380 1666171777
4220 1666171922
200 1666172032
500 1666172277
260 1666172322
1820 1666172324
1920 1666172328
220 1666172335
1460 1666172438
540 1666172529
2720 1666172574
2780 1666172607
5900 1666172671
1240 1666172720
360 1666172773
3160 1666172801
2640 1666172851
2180 1666172901
1340 1666172931
3760 1666173024
1740 1666173042
820 1666173076
880 1666173110
4220 1666173206
320 1666173298
2440 1666173354
5660 1666173383
5880 1666173403
520 1666173453
1500 1666173528
1360 1666173554
4080 1666173574
800 1666173631
2800 1666173648
440 1666173661
880 1666173775
1580 1666173797
8020 1666173802
200 1666173825
4400 1666173830
460 1666173851
3040 1666173886
5620 1666173963
860 1666173971
3840 1666173980
2300 1666173987
1200 1666174125
1780 1666174185
8560 1666174315
2320 1666174334
960 1666174806
100 1666174925
3940 1666174933
2060 1666175029
440 1666175252
1180 1666175264
4680 1666175419
380 1666175424
7800 1666175474
40 1666175521
40 1666175521
60 1666175521
1780 1666175521
420 1666175652
6600 1666175662
12640 1666175892
260 1666175992
1120 1666176059
400 1666176072
2560 1666176197
5240 1666176217
2080 1666176246
320 1666176293
2300 1666176319
860 1666176379
1080 1666176511
8580 1666176514
100 1666176668
380 1666176693
1820 1666176718
1440 1666176743
460 1666176769
1700 1666176868
420 1666176880
1460 1666176928
2380 1666176955
2160 1666176970
140 1666177020
2520 1666177023
3000 1666177035
3440 1666177039
1660 1666177066
420 1666177098
1740 1666177182
5540 1666177187
13680 1666177286
400 1666177426
380 1666177461
800 1666177484
1240 1666177539
520 1666177589
1400 1666177646
2160 1666177646
780 1666177697
2640 1666177710
1800 1666177725
320 1666177786
4360 1666177842
2460 1666177925
560 1666178124
1940 1666178175
160 1666178199
2580 1666178208
500 1666178237
460 1666178249
340 1666178286
3800 1666178450
2660 1666178674
1560 1666178700
1140 1666178856
7600 1666178965
420 1666178976
1100 1666179042
8460 1666179070
4400 1666179090
8040 1666179112
60 1666179159
8200 1666179166
360 1666179212
180 1666179221
120 1666179289
680 1666179300
5360 1666179396
9340 1666179460
160 1666179467
1340 1666179509
1540 1666179557
120 1666179626
120 1666179746
3020 1666179814
3300 1666179998
1680 1666180009
920 1666180015
1920 1666180043
1300 1666180073
1640 1666180081
3180 1666180163
2580 1666180266
1580 1666180301
2900 1666180312
3240 1666180316
6840 1666180319
2620 1666180389
780 1666180425
320 1666180459
480 1666180536
2920 1666180609
1840 1666180627
4080 1666180697
500 1666180799
120 1666180802
740 1666180802
4340 1666180815
360 1666180843
2740 1666180844
40 1666180947
320 1666180954
300 1666181155
360 1666181343
6480 1666181365
2860 1666181370
5960 1666181396
360 1666181398
460 1666181449
7140 1666181456
3920 1666181467
100 1666181476
4500 1666181486
360 1666181493
5080 1666181550
840 1666181704
19920 1666181813
3600 1666181821
800 1666181883
840 1666181934
540 1666182010
2700 1666182092
500 1666182110
780 1666182158
4320 1666182210
3600 1666182511
1920 1666182528
2200 1666182586
960 1666182591
360 1666182614
1640 1666182650
7260 1666182668
5380 1666182724
11200 1666182763
2280 1666182928
5300 1666183013
5120 1666183098
580 1666183180
7460 1666183373
1900 1666183469
1040 1666183501
560 1666183572
7680 1666183666
18200 1666183719
880 1666183761
4860 1666183941
2080 1666183966
1660 1666183969
140 1666184003
4540 1666184142
2720 1666184166
1000 1666184225
9360 1666184230
5560 1666184349
2660 1666184354
4260 1666184374
280 1666184444
5080 1666184461
1900 1666184645
1520 1666184679
780 1666184712
1220 1666184721
760 1666184734
60 1666184801
2160 1666184977
780 1666185014
580 1666185024
560 1666185031
2220 1666185035
1520 1666185053
860 1666185106
620 1666185160
5400 1666185340
1320 1666185428
400 1666185507
1060 1666185638
2720 1666185685
320 1666185711
360 1666185739
2120 1666185903
2220 1666185922
2460 1666185976
1720 1666186155
80 1666186203
3980 1666186241
2600 1666186394
920 1666186433
3420 1666186442
1580 1666186527
660 1666186530
1080 1666186540
3360 1666186596
2340 1666186668
340 1666186695
460 1666186712
1620 1666186736
3200 1666186823
14100 1666186838
2860 1666186918
3380 1666186919
3060 1666186948
440 1666186987
1780 1666187083
8740 1666187173
100 1666187227
320 1666187344
400 1666187396
1440 1666187445
7420 1666187459
2380 1666187461
920 1666187480
220 1666187512
420 1666187620
5180 1666187657
1540 1666187676
4000 1666187681
1900 1666187747
5040 1666187801
640 1666188183
380 1666188185
420 1666188191
2800 1666188335
11160 1666188353
300 1666188359
8660 1666188377
1000 1666188384
140 1666188429
1200 1666188446
320 1666188532
3220 1666188543
9680 1666188706
960 1666188779
3180 1666188781
1760 1666188826
2640 1666188829
1400 1666188895
6380 1666188944
1300 1666189009
1560 1666189014
360 1666189093
2620 1666189161
1200 1666189197
4420 1666189245
540 1666189394
12000 1666189523
18940 1666189652
1180 1666189670
320 1666189674
1880 1666189707
2540 1666189712
3020 1666189722
560 1666189775
420 1666189813
2760 1666189868
4220 1666190126
720 1666190190
860 1666190228
1880 1666190242
1780 1666190250
640 1666190403
80 1666190522
1020 1666190570
2100 1666190599
1400 1666190619
7100 1666190660
6220 1666190785
800 1666190811
2300 1666190821
1220 1666190909
2640 1666190998
980 1666191000
1820 1666191052
440 1666191100
480 1666191232
2400 1666191300
3300 1666191353
2400 1666191458
900 1666191484
3800 1666191548
9340 1666191579
3340 1666191625
1580 1666191669
80 1666191776
1040 1666191837
360 1666191945
5920 1666191973
680 1666191980
1480 1666192118
5280 1666192214
220 1666192238
5320 1666192248
980 1666192268
1640 1666192291
980 1666192334
420 1666192562
2300 1666192609
1380 1666192635
1380 1666192641
3860 1666192689
5980 1666192779
700 1666192848
1100 1666192935
420 1666192938
2960 1666193050
480 1666193074
4100 1666193118
2500 1666193249
260 1666193401
1620 1666193420
4840 1666193446
1960 1666193482
460 1666193617
480 1666193620
3620 1666193656
660 1666193673
420 1666193744
520 1666193755
3240 1666193805
5420 1666193826
4820 1666193977
3920 1666194023
1260 1666194213
2420 1666194382
5200 1666194439
1760 1666194448
2000 1666194491
4380 1666194575
1880 1666194596
1580 1666194607
520 1666194634
2780 1666194668
380 1666194670
3440 1666194720
8000 1666194720
260 1666194746
1080 1666194863
760 1666194921
2060 1666194927
1000 1666194938
400 1666194962
3600 1666194970
1140 1666195014
5220 1666195066
1400 1666195139
2440 1666195199
1600 1666195288
5300 1666195297
100 1666195356
320 1666195359
540 1666195391
1060 1666195393
1920 1666195397
320 1666195468
2560 1666195620
7640 1666195678
1040 1666195723
120 1666195729
3380 1666195731
1540 1666195871
40 1666195895
80 1666196030
1200 1666196051
13840 1666196088
1840 1666196104
3820 1666196174
520 1666196353
1580 1666196366
140 1666196382
240 1666196624
2500 1666196829
140 1666197026
600 1666197080
1180 1666197116
1380 1666197126
1480 1666197143
2340 1666197173
7720 1666197193
280 1666197208
3540 1666197223
260 1666197246
4200 1666197328
1280 1666197397
200 1666197498
1600 1666197514
6480 1666197582
2960 1666197607
3400 1666197674
2120 1666197769
1020 1666198105
980 1666198107
3640 1666198112
3840 1666198136
2320 1666198143
3920 1666198194
4060 1666198254
6260 1666198267
5700 1666198286
680 1666198320
840 1666198332
1880 1666198352
820 1666198391
7620 1666198407
2400 1666198455
2120 1666198469
960 1666198470
1120 1666198476
2340 1666198492
3180 1666198569
1620 1666198593
4000 1666198619
2720 1666198646
1600 1666198751
6180 1666198823
480 1666198839
660 1666198923
740 1666198943
1540 1666198985
3920 1666199018
1060 1666199143
6960 1666199167
140 1666199288
2000 1666199314
620 1666199314
180 1666199339
4180 1666199358
2300 1666199417
680 1666199442
4300 1666199505
1480 1666199557
1300 1666199691
3000 1666199726
2820 1666199889
2520 1666199907
2320 1666199924
3860 1666199990
3280 1666200005
240 1666200051
8740 1666200205
320 1666200245
10780 1666200286
1180 1666200321
3880 1666200334
4420 1666200361
5200 1666200371
2640 1666200379
3040 1666200463
2980 1666200475
520 1666200522
4100 1666200594
400 1666200680
360 1666200725
1840 1666200730
360 1666200735
740 1666200777
4520 1666200803
3360 1666200860
5400 1666200915
900 1666200936
6700 1666201006
260 1666201062
4520 1666201079
600 1666201095
2600 1666201167
1640 1666201196
4340 1666201273
40 1666201450
960 1666201503
480 1666201569
5820 1666201582
240 1666201703
1380 1666201724
2260 1666201864
780 1666201941
3220 1666201943
620 1666202157
7060 1666202161
2860 1666202219
2480 1666202219
4860 1666202238
900 1666202363
3960 1666202368
6080 1666202499
3920 1666202520
1780 1666202540
280 1666202574
2500 1666202661
1400 1666202732
260 1666202846
300 1666202855
3340 1666202981
2700 1666203058
4480 1666203125
360 1666203126
980 1666203167
5120 1666203193
7380 1666203457
4240 1666203568
180 1666203607
1400 1666203680
940 1666203681
4920 1666203749
380 1666203806
2320 1666203811
640 1666203964
2660 1666204031
2480 1666204043
2300 1666204051
3820 1666204061
5000 1666204061
160 1666204258
180 1666204273
420 1666204281
100 1666204286
3220 1666204380
2620 1666204571
600 1666204621
800 1666204688
4080 1666204700
1760 1666204898
740 1666204904
2300 1666204936
5000 1666205143
160 1666205162
1060 1666205210
160 1666205216
3260 1666205308
760 1666205313
2640 1666205387
1940 1666205499
340 1666205523
1260 1666205554
1700 1666205602
3280 1666205708
320 1666205776
520 1666205829
15500 1666205885
7700 1666205913
2900 1666205916
5020 1666205970
860 1666205982
1540 1666206127
2560 1666206156
120 1666206232
11980 1666206276
1980 1666206277
1160 1666206383
540 1666206412
540 1666206449
360 1666206452
2660 1666206480
480 1666206519
1020 1666206553
560 1666206603
360 1666206614
800 1666206635
1040 1666206640
2040 1666206965
1200 1666206995
14240 1666207281
3180 1666207325
360 1666207334
420 1666207373
600 1666207435
2020 1666207519
700 1666207563
280 1666207590
340 1666207656
380 1666207753
2040 1666207774
400 1666207816
3400 1666207859
7400 1666207891
300 1666207896
800 1666207955
460 1666208032
900 1666208222
1900 1666208236
2280 1666208264
1100 1666208265
1000 1666208379
1980 1666208467
1300 1666208492
320 1666208543
580 1666208616
5380 1666208617
1260 1666208684
360 1666208691
320 1666208879
1080 1666208965
3700 1666208972
420 1666209021
5320 1666209110
2980 1666209205
1400 1666209255
1700 1666209264
2440 1666209349
180 1666209456
1820 1666209642
1820 1666209700
4800 1666209733
3580 1666209821
2120 1666209992
1060 1666210122
300 1666210131
1560 1666210158
1380 1666210196
320 1666210209
2980 1666210316
480 1666210321
1780 1666210371
140 1666210373
1320 1666210391
1320 1666210464
3120 1666210503
420 1666210512
1640 1666210584
1940 1666210673
460 1666210677
3320 1666210695
540 1666210731
4100 1666210738
80 1666210738
920 1666210742
260 1666210816
13200 1666210961
6660 1666211133
540 1666211199
3220 1666211300
1980 1666211329
2320 1666211384
10560 1666211385
2200 1666211485
1460 1666211673
740 1666211820
7460 1666211834
1880 1666211862
7520 1666211883
6800 1666212003
4780 1666212015
1500 1666212047
1000 1666212097
1620 1666212146
60 1666212170
3960 1666212173
4560 1666212177
740 1666212206
9260 1666212216
1840 1666212219
2140 1666212319
2360 1666212326
2620 1666212369
3660 1666212605
260 1666212626
2340 1666212886
3500 1666212886
1040 1666212894
540 1666212898
1240 1666212915
960 1666213085
580 1666213152
1820 1666213325
16720 1666213372
5100 1666213409
5780 1666213544
740 1666213573
8340 1666213619
8260 1666213701
1220 1666213712
3740 1666213962
2400 1666214069
6460 1666214091
1680 1666214202
1700 1666214216
2580 1666214370
2160 1666214374
620 1666214431
2300 1666214506
600 1666214566
1520 1666214591
1020 1666214668
3360 1666214726
3080 1666214847
1100 1666214868
2120 1666215035
1400 1666215076
1060 1666215203
100 1666215213
5660 1666215218
4080 1666215233
1700 1666215398
9360 1666215400
2020 1666215407
2260 1666215412
1020 1666215451
1200 1666215654
3340 1666215713
3600 1666215714
1020 1666215774
1660 1666215854
320 1666215897
1680 1666215916
3560 1666215936
1720 1666215945
1940 1666216010
7340 1666216066
2560 1666216067
80 1666216097
140 1666216174
2740 1666216337
1160 1666216356
5820 1666216407
3140 1666216442
400 1666216442
60 1666216513
1200 1666216550
100 1666216574
1920 1666216588
1120 1666216616
320 1666216636
11220 1666216649
4740 1666216673
840 1666216717
820 1666216740
280 1666216778
400 1666216803
2920 1666216842
80 1666216939
580 1666216950
5020 1666216996
6580 1666217112
3580 1666217185
1500 1666217270
8340 1666217274
2880 1666217283
1740 1666217304
2940 1666217352
1360 1666217447
300 1666217481
640 1666217521
600 1666217633
2880 1666217700
2400 1666217702
640 1666217703
120 1666217745
400 1666217783
400 1666217824
300 1666217838
480 1666217840
2260 1666217849
220 1666217861
1560 1666217880
1660 1666217919
1600 1666217977
2220 1666218139
380 1666218214
1700 1666218236
1120 1666218247
5980 1666218266
2180 1666218307
4380 1666218353
1540 1666218392
640 1666218401
3080 1666218412
320 1666218412
1080 1666218464
540 1666218468
900 1666218519
2180 1666218572
900 1666218579
420 1666218598
3480 1666218637
1060 1666218689
520 1666218787
4180 1666218794
840 1666218811
5880 1666218893
640 1666219021
2080 1666219042
1240 1666219172
2360 1666219201
6540 1666219289
540 1666219353
1720 1666219397
6180 1666219440
2280 1666219497
1360 1666219499
960 1666219633
2020 1666219662
420 1666219678
7000 1666219685
360 1666219733
10960 1666219817
8640 1666219912
2640 1666219931
1900 1666219973
1780 1666219992
960 1666220031
1740 1666220137
2700 1666220269
380 1666220276
760 1666220332
2200 1666220379
2400 1666220411
2560 1666220459
3080 1666220468
2900 1666220478
140 1666220490
1800 1666220499
360 1666220511
1780 1666220538
2700 1666220642
240 1666220652
820 1666220656
4340 1666220662
1700 1666220664
2300 1666220780
600 1666220875
180 1666220886
2160 1666220906
2340 1666220912
880 1666220914
2000 1666220915
260 1666220948
2520 1666220974
3860 1666221037
1920 1666221099
180 1666221114
240 1666221125
2460 1666221337
1260 1666221445
440 1666221456
2360 1666221468
2220 1666221534
17960 1666221701
3360 1666221710
1020 1666221766
1200 1666221796
1720 1666221821
4060 1666221848
1520 1666221865
1120 1666221881
4020 1666222102
4780 1666222164
260 1666222181
380 1666222213
2140 1666222219
660 1666222277
2280 1666222282
1080 1666222316
1960 1666222377
380 1666222394
700 1666222430
6000 1666222434
1520 1666222434
780 1666222503
6380 1666222580
2520 1666222610
360 1666222698
3460 1666222840
5180 1666222856
560 1666222880
740 1666222958
5220 1666223154
5020 1666223159
820 1666223165
1220 1666223250
940 1666223271
280 1666223339
960 1666223593
4800 1666223737
3200 1666223753
1080 1666223766
780 1666223808
4420 1666223827
2640 1666223831
1680 1666223889
400 1666223931
800 1666223953
1600 1666224017
2400 1666224073
1860 1666224098
1560 1666224141
3680 1666224262
200 1666224323
4300 1666224345
380 1666224430
4360 1666224443
8520 1666224454
320 1666224457
6260 1666224561
1560 1666224581
2440 1666224593
2320 1666224609
1600 1666224789
740 1666224833
2880 1666224847
640 1666225077
3540 1666225128
2720 1666225130
1200 1666225147
2780 1666225201
2280 1666225354
240 1666225485
140 1666225581
1340 1666225744
2460 1666225822
1040 1666225916
3200 1666225940
5940 1666225944
2280 1666225949
4700 1666225968
2580 1666226010
1820 1666226124
140 1666226208
4600 1666226257
120 1666226270
4760 1666226287
160 1666226307
3960 1666226359
3220 1666226363
1580 1666226367
980 1666226406
420 1666226449
780 1666226463
5240 1666226471
2180 1666226592
1720 1666226594
1420 1666226626
1340 1666226802
620 1666226864
360 1666226864
1300 1666226882
700 1666227028
8220 1666227103
1040 1666227112
2160 1666227177
1240 1666227192
1560 1666227224
420 1666227228
620 1666227318
3480 1666227406
600 1666227461
420 1666227474
5360 1666227502
380 1666227507
1680 1666227573
1500 1666227606
680 1666227695
520 1666227716
4120 1666227828
120 1666227865
3280 1666227889
5020 1666227897
1300 1666227939
2180 1666227969
3700 1666228063
11160 1666228088
2180 1666228142
740 1666228181
180 1666228234
1560 1666228243
180 1666228258
2920 1666228410
1380 1666228421
1140 1666228504
3560 1666228535
2020 1666228669
2980 1666228707
11880 1666228812
960 1666228856
2080 1666228859
220 1666228863
9380 1666229033
460 1666229102
320 1666229152
1660 1666229171
1000 1666229176
2800 1666229197
2220 1666229423
3060 1666229468
1720 1666229551
360 1666229595
520 1666229637
560 1666229674
5980 1666229689
4020 1666229788
4360 1666229817
3220 1666229912
19920 1666229954
3860 1666230063
5140 1666230099
640 1666230192
1140 1666230269
2240 1666230338
2000 1666230382
1600 1666230383
1720 1666230411
840 1666230422
600 1666230459
2040 1666230489
3000 1666230498
900 1666230502
3300 1666230505
1020 1666230510
280 1666230606
2120 1666230606
1580 1666230792
300 1666230870
1380 1666230946
840 1666230957
2160 1666230958
500 1666230977
320 1666230989
1880 1666230999
3120 1666231012
1540 1666231060
360 1666231069
10600 1666231227
6780 1666231462
1180 1666231512
4760 1666231611
2540 1666231620
360 1666231621
540 1666231672
260 1666231841
2180 1666231864
2280 1666231880
740 1666231935
2880 1666231950
2620 1666231953
4280 1666231954
1600 1666232070
660 1666232077
960 1666232077
200 1666232160
1880 1666232233
720 1666232298
180 1666232314
1840 1666232369
2680 1666232506
3560 1666232533
240 1666232696
3080 1666232820
3420 1666232861
3720 1666232889
740 1666232892
2620 1666232926
380 1666232986
4420 1666233017
3380 1666233080
1500 1666233082
1460 1666233232
1600 1666233270
1020 1666233316
140 1666233337
760 1666233433
6340 1666233491
300 1666233518
500 1666233533
780 1666233581
1560 1666233582
380 1666233635
1240 1666233765
2500 1666233780
2080 1666233841
1080 1666233848
5300 1666233894
2960 1666233934
12480 1666233961
420 1666233985
6780 1666234105
4600 1666234118
1000 1666234161
180 1666234167
520 1666234196
3020 1666234209
2180 1666234221
1820 1666234424
1540 1666234449
340 1666234485
380 1666234487
580 1666234524
4380 1666234625
280 1666234700
5140 1666234734
3380 1666234786
240 1666234926
7640 1666235036
560 1666235068
1360 1666235112
680 1666235167
560 1666235255
8000 1666235261
4840 1666235264
760 1666235267
740 1666235420
300 1666235432
200 1666235479
620 1666235506
1320 1666235632
10020 1666235632
2760 1666235728
1360 1666235781
1500 1666235834
400 1666235841
5960 1666235882
3000 1666235954
2520 1666236023
380 1666236049
2040 1666236168
3240 1666236230
100 1666236306
4200 1666236352
720 1666236367
1380 1666236472
6220 1666236614
3240 1666236770
80 1666236841
3700 1666236889
2560 1666236954
1080 1666237005
2320 1666237016
460 1666237174
380 1666237190
3680 1666237277
3360 1666237278
2060 1666237287
780 1666237298
3880 1666237339
720 1666237374
1460 1666237512
1860 1666237704
1680 1666237955
3680 1666237957
700 1666237975
6800 1666238042
2760 1666238044
1600 1666238127
460 1666238179
16280 1666238239
1500 1666238284
440 1666238285
15560 1666238308
13720 1666238318
400 1666238384
100 1666238582
460 1666238660
1020 1666238729
1000 1666238775
1140 1666238787
5380 1666238829
1040 1666238945
80 1666239022
4400 1666239045
380 1666239060
960 1666239127
460 1666239132
1380 1666239208
780 1666239209
4620 1666239274
5940 1666239297
680 1666239443
680 1666239525
2100 1666239532
6600 1666239566
100 1666239594
620 1666239628
5280 1666239692
1680 1666239706
2860 1666239771
2300 1666239779
760 1666239891
620 1666239903
600 1666239990
300 1666240117
3180 1666240207
1700 1666240208
960 1666240217
1800 1666240266
1140 1666240273
1200 1666240281
1760 1666240419
440 1666240433
1400 1666240447
560 1666240464
1200 1666240491
360 1666240506
2680 1666240510
1020 1666240589
260 1666240700
2080 1666240778
3140 1666240830
1160 1666240940
1600 1666240984
3540 1666241027
400 1666241033
2720 1666241239
2800 1666241243
140 1666241292
1400 1666241347
820 1666241352
3320 1666241368
4500 1666241380
400 1666241407
4420 1666241612
5080 1666241684
440 1666241737
80 1666241779
1220 1666241806
1760 1666241810
2600 1666241827
560 1666241955
3360 1666242143
2740 1666242171
1080 1666242234
1140 1666242360
1180 1666242366
2240 1666242414
5600 1666242462
7240 1666242500
1160 1666242538
340 1666242569
3300 1666242618
260 1666242644
440 1666242654
1080 1666242752
1280 1666242906
1220 1666242930
2100 1666242967
1780 1666243013
12020 1666243020
120 1666243067
10840 1666243093
1240 1666243201
300 1666243247
480 1666243338
1300 1666243351
5100 1666243406
1780 1666243428
1920 1666243571
3420 1666243762
1540 1666243787
400 1666243869
4120 1666243877
1920 1666243914
780 1666243954
1280 1666243965
2340 1666244009
960 1666244014
1820 1666244042
160 1666244096
760 1666244177
1480 1666244230
280 1666244239
1840 1666244365
3140 1666244454
2620 1666244531
640 1666244547
1720 1666244636
3380 1666244641
4120 1666244646
6320 1666244697
4540 1666244741
4300 1666244820
160 1666245186
1400 1666245383
1360 1666245384
3040 1666245420
2760 1666245563
1880 1666245582
1780 1666245602
2800 1666245633
1100 1666245681
3360 1666245717
1080 1666245766
3440 1666245781
640 1666245798
1220 1666245819
1000 1666245823
240 1666245949
1800 1666245960
5500 1666245977
2720 1666245986
1420 1666246027
2240 1666246034
800 1666246175
420 1666246184
1600 1666246214
2160 1666246249
2080 1666246284
12400 1666246446
520 1666246456
440 1666246486
1280 1666246516
1500 1666246532
740 1666246634
4880 1666246641
6280 1666246641
3480 1666246691
880 1666246743
320 1666246813
3160 1666246931
3920 1666247015
3760 1666247193
620 1666247225
2120 1666247373
3500 1666247385
2240 1666247388
1300 1666247415
3360 1666247490
320 1666247497
100 1666247510
6880 1666247543
2620 1666247545
900 1666247593
12460 1666247601
860 1666247636
140 1666247673
1700 1666247678
1460 1666247725
6360 1666247748
2180 1666247819
2140 1666247847
4100 1666247864
940 1666247912
700 1666247945
2120 1666247965
8360 1666247984
19100 1666247991
3520 1666248019
80 1666248030
1220 1666248065
3960 1666248186
660 1666248211
380 1666248231
140 1666248245
400 1666248259
3520 1666248289
2080 1666248412
2120 1666248452
1040 1666248497
2520 1666248559
1700 1666248625
820 1666248633
1440 1666248664
380 1666248700
10200 1666248775
600 1666248820
2140 1666248879
2200 1666248914
160 1666249041
2140 1666249149
800 1666249210
2660 1666249224
160 1666249316
2040 1666249372
7120 1666249406
1660 1666249448
1240 1666249550
3240 1666249576
360 1666249592
540 1666249651
1280 1666249666
360 1666249669
120 1666249811
4060 1666249815
2580 1666249817
1300 1666249896
2620 1666249908
620 1666249913
840 1666249994
1580 1666250061
1560 1666250161
880 1666250186
2120 1666250312
1780 1666250336
1840 1666250518
540 1666250537
480 1666250602
1680 1666250614
420 1666250625
3500 1666250679
3280 1666250720
900 1666250936
960 1666250940
1760 1666250983
120 1666251228
1540 1666251385
280 1666251532
1780 1666251590
520 1666251671
7400 1666251786
2260 1666251820
1160 1666251820
1100 1666251847
2220 1666251876
120 1666251904
700 1666251944
2660 1666251959
1040 1666252262
260 1666252381
500 1666252423
340 1666252481
4000 1666252545
1040 1666252565
2480 1666252601
1400 1666252665
180 1666252786
660 1666252798
4440 1666252885
780 1666253037
340 1666253197
3760 1666253210
6640 1666253296
1900 1666253414
560 1666253441
320 1666253446
2360 1666253530
1880 1666253595
1020 1666253808
3000 1666253836
4480 1666253884
2080 1666253908
420 1666254068
1320 1666254119
120 1666254355
420 1666254454
380 1666254528
2400 1666254644
220 1666255077
2100 1666255270
1020 1666255434
3180 1666255534
400 1666255538
520 1666255659
4000 1666255680
1420 1666255799
4200 1666255806
3700 1666255869
2320 1666255934
19920 1666256041
220 1666256049
5800 1666256058
1220 1666256106
160 1666256111
1060 1666256289
5780 1666256303
1180 1666256389
1460 1666256418
420 1666256431
4720 1666256463
400 1666256477
300 1666256488
1100 1666256582
660 1666256603
360 1666256721
2020 1666256748
2840 1666256788
1240 1666256842
2080 1666256866
340 1666256922
780 1666256938
2560 1666256946
9600 1666256968
7300 1666257046
440 1666257049
640 1666257241
1180 1666257264
2500 1666257270
4460 1666257272
360 1666257407
440 1666257430
2480 1666257443
1440 1666257490
1200 1666257643
1980 1666257708
1460 1666257786
680 1666257794
340 1666257895
2380 1666257909
1640 1666257961
1340 1666258059
300 1666258219
380 1666258222
260 1666258227
340 1666258264
1400 1666258279
520 1666258325
1720 1666258342
280 1666258367
220 1666258370
380 1666258393
1640 1666258393
880 1666258505
760 1666258516
1220 1666258568
7720 1666258641
1560 1666258984
3880 1666259003
1340 1666259033
6920 1666259039
120 1666259049
3920 1666259086
6540 1666259219
6260 1666259224
780 1666259381
2340 1666259457
4420 1666259481
2040 1666259482
10280 1666259551
2160 1666259739
4580 1666259809
620 1666259842
320 1666259847
400 1666259874
280 1666260098
1440 1666260178
3100 1666260210
240 1666260224
180 1666260225
3800 1666260334
600 1666260375
180 1666260405
1800 1666260459
540 1666260473
5620 1666260536
600 1666260573
2020 1666260601
3060 1666260633
880 1666260792
140 1666260818
1820 1666260857
160 1666260872
1520 1666260918
4800 1666260939
180 1666261025
420 1666261066
880 1666261149
4600 1666261164
1900 1666261167
280 1666261238
4360 1666261312
2420 1666261324
1980 1666261387
460 1666261427
1380 1666261505
3540 1666261639
7040 1666261816
340 1666261825
4060 1666261884
8760 1666261903
3340 1666261935
5220 1666262008
2280 1666262010
820 1666262122
440 1666262243
2400 1666262308
1340 1666262316
1220 1666262331
100 1666262331
1900 1666262377
4400 1666262411
1680 1666262427
3380 1666262477
980 1666262532
80 1666262590
2760 1666262617
4660 1666262784
1000 1666262829
360 1666262898
520 1666262992
1600 1666263008
1900 1666263017
920 1666263032
1920 1666263155
8300 1666263158
420 1666263211
8000 1666263229
1040 1666263277
7680 1666263336
5120 1666263351
1500 1666263444
4160 1666263650
3960 1666263685
2540 1666263719
3700 1666263729
400 1666263737
700 1666263755
10140 1666263851
140 1666264099
220 1666264199
120 1666264237
8900 1666264245
3600 1666264269
1660 1666264429
3400 1666264443
780 1666264519
540 1666264624
7100 1666264640
1080 1666264674
540 1666264686
480 1666264697
4960 1666264714
320 1666264807
11040 1666264912
440 1666264920
380 1666264927
1840 1666265021
160 1666265129
340 1666265176
1540 1666265189
2560 1666265268
480 1666265378
1220 1666265477
1700 1666265538
2780 1666265582
1380 1666265624
12960 1666265632
1700 1666265640
2600 1666265666
8020 1666265713
1480 1666265744
4640 1666265792
5900 1666265910
180 1666265957
4260 1666265978
260 1666266056
1240 1666266171
1560 1666266204
1200 1666266240
300 1666266304
180 1666266357
880 1666266438
2820 1666266466
680 1666266521
1420 1666266671
5820 1666266673
2940 1666266685
940 1666266697
2700 1666266751
3600 1666266756
140 1666266813
500 1666266947
840 1666266970
6080 1666266976
1720 1666267010
7040 1666267025
1640 1666267050
2720 1666267090
40 1666267097
1880 1666267116
940 1666267121
120 1666267125
540 1666267129
900 1666267146
3280 1666267213
1480 1666267251
2500 1666267316
2780 1666267475
1700 1666267497
1860 1666267509
2020 1666267613
840 1666267614
640 1666267633
640 1666267671
760 1666267702
5000 1666267724
1260 1666267789
3040 1666267940
260 1666267982
2640 1666268017
360 1666268069
460 1666268124
400 1666268185
1380 1666268208
740 1666268240
1680 1666268460
140 1666268601
4580 1666268682
3040 1666268733
600 1666268884
1980 1666269010
80 1666269072
240 1666269240
1080 1666269307
860 1666269351
640 1666269417
3200 1666269421
1460 1666269481
1740 1666269498
240 1666269605
2380 1666269666
1300 1666269707
1680 1666269724
1060 1666269739
440 1666269753
1480 1666269762
740 1666269788
2920 1666269803
1620 1666269865
820 1666269922
6960 1666269928
1180 1666269973
1540 1666269982
800 1666270094
3000 1666270176
2340 1666270178
2600 1666270201
380 1666270202
940 1666270250
1560 1666270253
980 1666270259
1000 1666270303
960 1666270320
3540 1666270349
320 1666270416
19440 1666270430
2780 1666270461
2900 1666270564
1500 1666270602
360 1666270687
500 1666270805
3800 1666270861
10360 1666270892
1200 1666270899
6140 1666270954
1660 1666270979
620 1666271004
300 1666271031
2980 1666271110
960 1666271150
860 1666271190
60 1666271204
2680 1666271235
3380 1666271241
940 1666271256
400 1666271305
840 1666271318
880 1666271445
10980 1666271541
6160 1666271552
500 1666271563
700 1666271721
920 1666271766
680 1666271812
660 1666271891
18180 1666271911
1320 1666271930
1640 1666271934
4160 1666271979
40 1666271997
60 1666271997
40 1666271997
60 1666271997
60 1666271997
40 1666271997
19460 1666271997
40 1666271997
40 1666271997
16880 1666271997
60 1666271997
40 1666271997
40 1666271997
40 1666271997
40 1666271997
40 1666271997
40 1666271997
60 1666271997
60 1666271997
40 1666271997
40 1666271997
60 1666271997
100 1666271997
60 1666271997
40 1666271997
40 1666271997
40 1666271997
60 1666271997
60 1666271997
60 1666271997
60 1666271997
60 1666271997
40 1666271997
60 1666271997
100 1666271997
2300 1666271997
40 1666271997
100 1666271997
16400 1666271997
40 1666271997
140 1666271997
40 1666271997
40 1666271997
60 1666271997
40 1666271997
40 1666271997
40 1666271997
60 1666271997
40 1666271997
40 1666271997
100 1666271997
40 1666271997
60 1666271997
60 1666271997
100 1666271997
60 1666271997
100 1666271997
40 1666271997
40 1666271998
40 1666271998
100 1666271998
60 1666271998
40 1666271998
60 1666271998
40 1666271998
40 1666271998
60 1666271998
100 1666271998
40 1666271998
40 1666271998
60 1666271998
100 1666271998
40 1666271998
60 1666271998
40 1666271998
60 1666271998
60 1666271998
100 1666271998
60 1666271998
100 1666271998
60 1666271998
40 1666271998
60 1666271998
40 1666271998
40 1666271998
40 1666271998
40 1666271998
40 1666271998
100 1666271998
60 1666271998
40 1666271998
40 1666271998
40 1666271998
60 1666271998
60 1666271998
15760 1666271998
40 1666271998
2060 1666271998
60 1666271998
100 1666271998
40 1666271998
40 1666271998
40 1666271998
40 1666271998
40 1666271998
40 1666271998
60 1666271998
100 1666271998
40 1666271998
100 1666271998
60 1666271998
40 1666271998
60 1666271998
60 1666271998
60 1666271998
60 1666271998
40 1666271998
40 1666271998
60 1666271998
40 1666271998
100 1666271998
60 1666271998
40 1666271998
60 1666271998
40 1666271998
60 1666271998
60 1666271998
140 1666271998
60 1666271998
100 1666271998
40 1666271998
40 1666271998
40 1666271998
100 1666271998
60 1666271998
60 1666271998
40 1666271998
60 1666271998
60 1666271998
100 1666271998
40 1666271998
40 1666271998
40 1666271998
100 1666271998
60 1666271998
40 1666271998
60 1666271998
100 1666271998
60 1666271998
40 1666271998
40 1666271998
40 1666271998
60 1666271998
100 1666271999
60 1666271999
60 1666271999
40 1666271999
100 1666271999
60 1666271999
100 1666271999
40 1666271999
100 1666271999
40 1666271999
40 1666271999
40 1666271999
40 1666271999
19160 1666271999
60 1666271999
40 1666271999
40 1666271999
60 1666271999
100 1666271999
40 1666271999
60 1666271999
40 1666271999
60 1666271999
100 1666271999
17000 1666271999
40 1666271999
40 1666271999
100 1666271999
40 1666271999
100 1666271999
40 1666271999
140 1666271999
40 1666271999
100 1666271999
40 1666271999
40 1666271999
40 1666271999
60 1666271999
40 1666271999
100 1666271999
60 1666271999
40 1666271999
40 1666271999
40 1666271999
60 1666271999
40 1666271999
40 1666271999
40 1666271999
40 1666271999
100 1666271999
60 1666271999
100 1666271999
40 1666271999
40 1666271999
100 1666271999
40 1666271999
60 1666271999
40 1666271999
60 1666271999
40 1666271999
60 1666271999
40 1666271999
40 1666271999
60 1666271999
60 1666271999
40 1666271999
40 1666271999
40 1666271999
60 1666271999
100 1666271999
40 1666271999
40 1666271999
60 1666271999
100 1666271999
40 1666271999
40 1666271999
60 1666271999
100 1666271999
40 1666271999
40 1666271999
40 1666271999
40 1666271999
40 1666271999
40 1666271999
60 1666271999
40 1666271999
100 1666271999
40 1666271999
40 1666272040
40 1666272040
60 1666272040
40 1666272040
40 1666272040
40 1666272040
100 1666272040
19040 1666272041
60 1666272041
40 1666272041
40 1666272041
40 1666272041
40 1666272041
100 1666272041
60 1666272041
60 1666272041
60 1666272041
40 1666272041
60 1666272132
40 1666272132
40 1666272132
40 1666272132
40 1666272132
40 1666272132
40 1666272132
40 1666272133
40 1666272133
40 1666272133
40 1666272133
40 1666272133
60 1666272133
60 1666272133
2120 1666272156
5340 1666272171
1980 1666272302
8740 1666272304
3420 1666272373
220 1666272482
1540 1666272486
1200 1666272489
3000 1666272519
4780 1666272543
8020 1666272561
700 1666272698
1180 1666272700
3860 1666272705
1340 1666272708
4880 1666272774
2740 1666273025
6140 1666273036
5420 1666273038
740 1666273045
5540 1666273061
1980 1666273100
3560 1666273134
180 1666273232
100 1666273243
280 1666273290
2180 1666273419
340 1666273461
5240 1666273478
2180 1666273516
4600 1666273518
1540 1666273528
4100 1666273559
5880 1666273575
1220 1666273682
900 1666273708
3900 1666273735
2900 1666273740
1560 1666273799
2640 1666273941
3620 1666273945
2680 1666273950
6000 1666273951
1200 1666273984
4500 1666274170
1120 1666274172
3240 1666274179
5060 1666274244
2420 1666274301
4900 1666274346
4840 1666274358
3960 1666274428
2460 1666274440
7780 1666274471
1720 1666274620
480 1666274659
100 1666274663
600 1666274671
1800 1666274807
320 1666274829
1100 1666274876
3920 1666274887
620 1666274961
1280 1666274989
1860 1666274992
3660 1666275003
800 1666275008
1260 1666275076
2120 1666275082
2420 1666275166
4840 1666275169
380 1666275205
1380 1666275280
6660 1666275295
1620 1666275308
820 1666275338
780 1666275357
620 1666275375
4380 1666275408
3560 1666275507
6000 1666275510
6080 1666275532
840 1666275537
940 1666275670
1480 1666275687
520 1666275704
1380 1666275740
2720 1666275750
1240 1666275777
320 1666275777
920 1666275845
1460 1666275860
6560 1666275979
200 1666275985
400 1666275999
260 1666276010
640 1666276012
4840 1666276090
2560 1666276102
320 1666276113
1600 1666276115
260 1666276166
1840 1666276183
1160 1666276212
4720 1666276377
600 1666276383
820 1666276420
820 1666276688
340 1666276696
180 1666276712
2920 1666276716
680 1666276744
640 1666276812
600 1666276912
640 1666277109
820 1666277214
440 1666277231
4060 1666277364
4800 1666277379
460 1666277379
4200 1666277388
4520 1666277467
440 1666277468
140 1666277501
3240 1666277664
1580 1666277678
8060 1666277757
2280 1666277765
420 1666277770
4340 1666277848
280 1666278011
360 1666278038
1460 1666278080
5060 1666278108
500 1666278123
700 1666278158
380 1666278173
1700 1666278313
10080 1666278394
1560 1666278431
2240 1666278574
1240 1666278605
600 1666278673
1420 1666278690
200 1666278699
600 1666278756
1860 1666278817
14360 1666278909
1240 1666278952
760 1666278954
320 1666278984
460 1666279194
1580 1666279203
540 1666279230
680 1666279266
160 1666279312
520 1666279381
100 1666279438
460 1666279637
8360 1666279708
2600 1666279763
320 1666279800
1560 1666279818
4440 1666279871
3580 1666279918
920 1666279938
5100 1666280047
360 1666280059
4300 1666280064
1420 1666280089
1920 1666280338
14080 1666280340
380 1666280421
120 1666280570
1160 1666280602
1560 1666280622
980 1666280665
19080 1666280720
420 1666280823
1420 1666280831
4020 1666280876
260 1666280945
140 1666280965
1820 1666280977
720 1666281050
1300 1666281153
360 1666281155
2040 1666281186
160 1666281193
3980 1666281246
3220 1666281321
8500 1666281322
1180 1666281353
2180 1666281359
1740 1666281372
1200 1666281377
580 1666281411
1460 1666281487
5660 1666281516
2720 1666281538
520 1666281798
1140 1666281859
1860 1666281909
1120 1666282001
4420 1666282032
3960 1666282046
1540 1666282049
1180 1666282082
220 1666282228
4700 1666282236
1280 1666282289
1580 1666282319
2580 1666282369
900 1666282468
460 1666282511
80 1666282541
1680 1666282583
3380 1666282615
1180 1666282624
1000 1666282629
780 1666282646
4400 1666282657
1840 1666282701
4020 1666282713
4840 1666282775
1720 1666282872
360 1666282874
9360 1666282962
180 1666282966
440 1666283067
860 1666283075
540 1666283103
4900 1666283136
140 1666283210
7120 1666283254
920 1666283265
3660 1666283269
2840 1666283457
5340 1666283466
2480 1666283554
3380 1666283577
1180 1666283623
1880 1666283740
800 1666283762
2000 1666283823
920 1666283841
2040 1666283904
500 1666284039
3860 1666284141
2100 1666284163
1340 1666284163
140 1666284211
6580 1666284270
3300 1666284325
3100 1666284347
840 1666284367
2260 1666284433
660 1666284514
2660 1666284560
740 1666284564
280 1666284603
3200 1666284605
600 1666284693
640 1666284754
1860 1666284927
1080 1666285018
400 1666285161
3340 1666285189
2880 1666285189
500 1666285219
1000 1666285332
120 1666285390
3780 1666285403
2800 1666285403
420 1666285436
920 1666285455
360 1666285469
1760 1666285512
300 1666285756
3820 1666285790
2960 1666285923
2180 1666285923
2000 1666286049
1520 1666286087
4080 1666286106
1780 1666286120
4980 1666286136
260 1666286243
1180 1666286262
440 1666286278
640 1666286314
180 1666286328
3320 1666286383
120 1666286438
60 1666286454
1500 1666286460
2620 1666286469
1580 1666286479
1940 1666286494
4880 1666286535
1340 1666286652
380 1666286699
1320 1666286728
4880 1666286733
3320 1666286775
1280 1666286780
7360 1666286880
1400 1666286907
460 1666286946
3280 1666286992
1960 1666287014
2940 1666287083
1960 1666287098
740 1666287219
9860 1666287219
920 1666287224
640 1666287274
2480 1666287295
3380 1666287315
740 1666287340
5720 1666287398
960 1666287402
2520 1666287443
560 1666287537
1660 1666287718
940 1666287726
2260 1666287742
7980 1666287747
800 1666287762
2060 1666287771
360 1666287803
1960 1666287811
3120 1666287833
720 1666287903
1240 1666287924
1700 1666288081
4480 1666288151
220 1666288219
3640 1666288395
2040 1666288457
1720 1666288524
1340 1666288552
3380 1666288571
400 1666288635
360 1666288643
1640 1666288708
260 1666288721
320 1666288799
1300 1666288820
360 1666288912
2500 1666288972
820 1666288973
640 1666288997
3540 1666289004
6380 1666289035
2980 1666289086
6360 1666289123
1820 1666289125
2340 1666289178
1620 1666289261
1600 1666289264
7380 1666289270
220 1666289292
200 1666289366
3500 1666289416
4680 1666289448
1540 1666289693
500 1666289695
18140 1666289749
1700 1666289808
1900 1666289852
1500 1666289855
4560 1666289864
200 1666289871
100 1666290011
3300 1666290106
2520 1666290126
380 1666290144
6060 1666290158
480 1666290171
160 1666290179
280 1666290181
1620 1666290244
460 1666290268
2520 1666290293
1100 1666290363
1380 1666290404
300 1666290475
620 1666290485
2800 1666290504
2680 1666290505
2880 1666290759
480 1666290768
1540 1666290793
1720 1666290798
260 1666290822
18000 1666290847
540 1666290869
4420 1666291032
480 1666291066
280 1666291100
5780 1666291163
1260 1666291173
760 1666291186
420 1666291193
400 1666291230
620 1666291295
4540 1666291296
2260 1666291300
1820 1666291370
520 1666291470
920 1666291618
1200 1666291706
460 1666291719
1520 1666291732
240 1666291780
1220 1666291806
6680 1666291811
1840 1666291953
1220 1666291982
1700 1666292130
320 1666292237
6700 1666292284
440 1666292285
800 1666292306
1660 1666292320
4340 1666292341
1520 1666292435
2860 1666292454
4180 1666292484
1900 1666292550
1300 1666292559
2160 1666292598
2540 1666292626
16980 1666292643
1920 1666292656
2280 1666292683
2880 1666292746
3840 1666292807
360 1666292826
3280 1666292861
3860 1666292880
220 1666292895
120 1666292917
3780 1666293068
1880 1666293131
220 1666293149
2060 1666293192
1240 1666293222
360 1666293257
1240 1666293265
440 1666293304
420 1666293352
260 1666293363
4500 1666293383
1140 1666293385
6680 1666293415
680 1666293457
2640 1666293471
1500 1666293518
1140 1666293610
4420 1666293628
1300 1666293676
1580 1666293701
1820 1666293729
760 1666293833
1460 1666293839
5940 1666293878
2360 1666293975
8940 1666293978
460 1666294009
200 1666294014
4500 1666294029
1760 1666294039
1300 1666294070
300 1666294087
4000 1666294120
640 1666294125
1220 1666294148
1020 1666294231
220 1666294276
1040 1666294356
1020 1666294365
120 1666294391
5820 1666294482
1100 1666294487
1040 1666294545
1880 1666294576
1220 1666294688
200 1666294757
440 1666294784
6300 1666294834
440 1666294856
260 1666294870
920 1666294904
2140 1666294920
740 1666294923
4000 1666294975
260 1666295057
2400 1666295145
2460 1666295165
1580 1666295204
620 1666295296
1060 1666295414
280 1666295416
4360 1666295453
440 1666295487
3900 1666295519
620 1666295531
820 1666295581
940 1666295685
1600 1666295763
360 1666295844
1000 1666295877
2220 1666295975
1540 1666295989
980 1666296037
240 1666296067
4380 1666296128
140 1666296133
440 1666296157
140 1666296261
860 1666296354
1800 1666296463
3140 1666296556
4460 1666296571
640 1666296665
3540 1666296676
1800 1666296739
100 1666296742
60 1666297046
380 1666297110
3360 1666297231
640 1666297273
420 1666297330
1560 1666297331
1380 1666297444
5340 1666297455
3340 1666297455
2820 1666297505
1260 1666297572
80 1666297576
2560 1666297662
160 1666297684
1420 1666297744
400 1666297805
80 1666297826
1800 1666297858
3980 1666297884
220 1666297935
120 1666298012
1580 1666298178
1440 1666298229
120 1666298420
3680 1666298463
840 1666298501
440 1666298512
420 1666298535
100 1666298616
3260 1666298649
3120 1666298686
820 1666298686
4940 1666298722
2600 1666298727
560 1666298781
100 1666298837
1960 1666298872
1880 1666298900
940 1666299036
3540 1666299190
620 1666299190
1420 1666299223
360 1666299311
880 1666299354
420 1666299359
460 1666299474
1560 1666299480
1840 1666299488
9400 1666299495
1720 1666299499
6360 1666299548
5340 1666299558
1760 1666299807
2020 1666299809
4240 1666299871
3260 1666299881
720 1666299911
2940 1666299920
1420 1666300041
140 1666300059
120 1666300166
1360 1666300359
3560 1666300459
2900 1666300474
5820 1666300597
800 1666300668
360 1666300750
720 1666300766
7080 1666300812
460 1666300820
400 1666300857
2600 1666300919
1640 1666300920
4760 1666300942
1820 1666300958
260 1666300977
1020 1666301082
1640 1666301097
820 1666301181
740 1666301227
440 1666301254
140 1666301334
3660 1666301356
2000 1666301397
5280 1666301437
80 1666301441
5120 1666301446
3560 1666301474
440 1666301484
4240 1666301513
620 1666301546
2300 1666301628
420 1666301639
560 1666301645
200 1666301679
2760 1666301714
400 1666301812
1500 1666301846
860 1666302151
1120 1666302173
620 1666302181
1540 1666302217
220 1666302263
1520 1666302297
9780 1666302321
9080 1666302346
3320 1666302507
660 1666302508
120 1666302569
1020 1666302573
1440 1666302640
4300 1666302684
1900 1666302736
1360 1666302786
1020 1666302965
2560 1666302972
1560 1666303014
2540 1666303051
860 1666303112
200 1666303157
6260 1666303210
1860 1666303255
380 1666303309
3500 1666303315
400 1666303358
1240 1666303386
820 1666303413
60 1666303461
2520 1666303505
6980 1666303520
1340 1666303530
4540 1666303532
5140 1666303562
3340 1666303565
3140 1666303574
5000 1666303617
13860 1666303627
420 1666303727
740 1666303746
3700 1666303754
900 1666303793
280 1666303845
220 1666304039
4380 1666304166
5440 1666304167
360 1666304193
1900 1666304243
800 1666304284
5480 1666304329
2780 1666304427
180 1666304450
1080 1666304504
820 1666304562
440 1666304566
6360 1666304578
2160 1666304599
320 1666304605
1060 1666304666
1420 1666304724
3600 1666304862
3800 1666304963
500 1666304967
4720 1666304992
4800 1666305000
520 1666305004
2640 1666305007
3580 1666305170
1720 1666305255
520 1666305345
6660 1666305369
4980 1666305405
3360 1666305470
1400 1666305531
1020 1666305607
3140 1666305643
640 1666305662
700 1666305837
180 1666305840
4860 1666305872
1620 1666305937
100 1666305975
3460 1666305986
460 1666306021
3460 1666306045
3660 1666306519
2820 1666306581
4340 1666306612
10200 1666306656
420 1666306690
360 1666306705
2520 1666306739
80 1666306773
1180 1666306834
2060 1666306988
320 1666307018
2940 1666307094
2520 1666307124
2920 1666307124
260 1666307164
1660 1666307171
280 1666307194
2260 1666307197
1120 1666307206
8480 1666307238
8680 1666307260
280 1666307271
6060 1666307352
540 1666307406
1300 1666307453
1400 1666307484
5220 1666307590
420 1666307701
6220 1666307714
500 1666307840
2640 1666307960
2920 1666308008
5060 1666308023
6500 1666308047
680 1666308116
1400 1666308140
13580 1666308202
420 1666308651
80 1666308660
320 1666308689
3800 1666308701
2080 1666308727
440 1666308755
280 1666308894
2520 1666309007
140 1666309035
3380 1666309063
2100 1666309207
620 1666309241
2580 1666309253
2760 1666309391
8360 1666309418
2420 1666309422
1200 1666309446
4240 1666309489
1600 1666309514
2480 1666309620
380 1666309742
860 1666309774
400 1666309879
400 1666309893
1100 1666309960
18560 1666310006
360 1666310074
360 1666310212
2520 1666310258
380 1666310328
4820 1666310434
520 1666310505
1160 1666310511
2580 1666310511
1200 1666310537
1620 1666310542
3580 1666310609
420 1666310638
1320 1666310706
2400 1666310719
3520 1666310750
2860 1666310758
2720 1666310767
280 1666310768
4100 1666310781
420 1666310808
900 1666310877
4260 1666311003
1460 1666311032
3340 1666311048
860 1666311071
1260 1666311073
400 1666311329
3480 1666311401
2360 1666311428
360 1666311468
340 1666311511
800 1666311531
1360 1666311568
780 1666311609
15160 1666311620
3240 1666311729
5740 1666311749
820 1666311771
1760 1666311773
1900 1666311843
4320 1666311848
4000 1666311908
860 1666312128
440 1666312145
120 1666312164
1700 1666312172
1020 1666312186
1640 1666312261
1560 1666312384
1200 1666312403
860 1666312426
160 1666312440
1700 1666312453
2100 1666312480
1180 1666312527
1520 1666312532
1060 1666312582
1220 1666312780
2660 1666312847
440 1666312853
4240 1666312869
180 1666312913
940 1666312920
1480 1666312966
8820 1666313000
3760 1666313017
2680 1666313033
1400 1666313060
740 1666313188
2460 1666313212
420 1666313223
540 1666313451
4400 1666313504
1020 1666313507
3600 1666313508
600 1666313535
180 1666313652
2340 1666313731
260 1666313743
1720 1666313748
2600 1666313762
400 1666313811
11540 1666313827
5980 1666313856
700 1666313875
380 1666313895
3840 1666313909
3560 1666313971
3100 1666314009
420 1666314052
2560 1666314076
1320 1666314131
1400 1666314175
1120 1666314187
5040 1666314224
3420 1666314380
200 1666314444
7240 1666314501
420 1666314530
500 1666314556
6040 1666314633
16860 1666314642
8140 1666314695
580 1666314753
2680 1666314952
140 1666315003
1320 1666315054
4360 1666315061
2060 1666315086
1540 1666315099
400 1666315102
6260 1666315138
440 1666315142
2040 1666315210
780 1666315267
380 1666315342
220 1666315347
3640 1666315376
840 1666315392
2000 1666315428
1540 1666315479
600 1666315484
3020 1666315572
1940 1666315602
960 1666315654
220 1666315685
2160 1666315708
200 1666315775
2360 1666315785
3980 1666315850
380 1666315899
2660 1666315972
1720 1666316023
2800 1666316085
3840 1666316100
500 1666316230
380 1666316290
1940 1666316360
100 1666316387
1280 1666316459
9360 1666316526
320 1666316618
120 1666316654
1800 1666316702
620 1666316712
4320 1666316825
360 1666316840
540 1666316855
1940 1666316889
740 1666317016
1040 1666317016
3900 1666317121
2240 1666317210
2420 1666317226
1900 1666317273
6420 1666317275
7100 1666317347
540 1666317510
1020 1666317535
3400 1666317646
1320 1666317738
6880 1666317798
3300 1666317835
380 1666317875
300 1666317877
480 1666317889
5140 1666317911
380 1666317978
520 1666318009
960 1666318079
3380 1666318092
7520 1666318105
3600 1666318116
3420 1666318121
600 1666318124
540 1666318161
200 1666318255
3180 1666318271
780 1666318325
380 1666318383
1220 1666318391
6980 1666318435
480 1666318501
2620 1666318535
5680 1666318554
1700 1666318561
4840 1666318579
3000 1666318637
9460 1666318715
820 1666318736
3660 1666318791
380 1666318823
700 1666318835
900 1666318850
580 1666318852
700 1666319090
1720 1666319149
4680 1666319164
1680 1666319193
2860 1666319268
5840 1666319352
580 1666319415
520 1666319456
2420 1666319478
820 1666319581
580 1666319734
1660 1666319742
3300 1666319894
600 1666319902
820 1666319919
420 1666319971
2580 1666319978
200 1666320001
800 1666320035
540 1666320188
3620 1666320247
620 1666320280
4080 1666320357
4280 1666320412
320 1666320430
1180 1666320497
2100 1666320532
960 1666320547
5440 1666320578
220 1666320628
4220 1666320819
7860 1666320914
3500 1666321137
180 1666321229
380 1666321374
1380 1666321405
2560 1666321416
1140 1666321449
2220 1666321458
220 1666321472
3180 1666321527
3940 1666321551
480 1666321551
180 1666321593
1640 1666321655
420 1666321738
900 1666321804
9640 1666321868
1540 1666321878
6760 1666321900
4100 1666321956
3420 1666321999
360 1666322054
4160 1666322159
2880 1666322199
4240 1666322231
760 1666322259
7920 1666322310
2760 1666322313
100 1666322413
680 1666322484
17100 1666322503
220 1666322527
2340 1666322656
2120 1666322684
1660 1666322720
520 1666322738
860 1666322960
3280 1666322975
400 1666323020
240 1666323072
4800 1666323108
680 1666323123
2840 1666323140
3360 1666323227
680 1666323256
3360 1666323282
2960 1666323315
10480 1666323368
5900 1666323424
2820 1666323442
6260 1666323447
1060 1666323534
3480 1666323575
1320 1666323637
3760 1666323685
320 1666323730
2100 1666323735
200 1666323738
4780 1666323739
1160 1666323741
1300 1666323790
600 1666323802
4220 1666323841
780 1666323877
1540 1666323985
4260 1666324004
4000 1666324004
440 1666324015
500 1666324087
700 1666324101
160 1666324208
240 1666324227
3960 1666324421
340 1666324578
860 1666324629
2540 1666324664
2160 1666324806
2400 1666324841
1540 1666324893
3780 1666325175
1560 1666325184
4760 1666325202
1700 1666325304
740 1666325326
3480 1666325346
1620 1666325426
80 1666325510
320 1666325529
1820 1666325599
2880 1666325637
1600 1666325643
1720 1666325647
980 1666325681
11280 1666325730
440 1666325775
1860 1666325838
8740 1666325841
980 1666325863
12860 1666325928
280 1666326008
2360 1666326038
1600 1666326134
1260 1666326173
420 1666326246
2580 1666326293
200 1666326368
900 1666326405
3900 1666326449
160 1666326509
560 1666326747
160 1666326774
5520 1666326789
1520 1666326936
700 1666326958
460 1666326981
660 1666327105
9520 1666327106
500 1666327190
5700 1666327245
1240 1666327321
2000 1666327357
6940 1666327444
360 1666327448
280 1666327542
1800 1666327550
460 1666327578
620 1666327717
120 1666327727
1420 1666327732
1000 1666327733
540 1666327742
3380 1666327749
980 1666327760
820 1666327791
380 1666327843
320 1666327844
1800 1666327968
380 1666328019
380 1666328024
2560 1666328092
2620 1666328152
1880 1666328155
700 1666328175
1440 1666328178
1620 1666328224
360 1666328313
2060 1666328387
320 1666328392
2300 1666328438
2880 1666328640
7960 1666328655
1640 1666328666
320 1666328683
280 1666328703
100 1666328754
3160 1666328756
1200 1666328784
4340 1666328832
9360 1666328852
8480 1666328872
2700 1666328882
2280 1666328886
1720 1666328906
1040 1666328920
2460 1666328921
1080 1666328938
920 1666328962
680 1666329203
360 1666329310
780 1666329344
580 1666329371
3100 1666329397
1380 1666329478
1040 1666329625
660 1666329708
940 1666329855
6560 1666329857
100 1666329906
1120 1666330040
3120 1666330045
3300 1666330101
380 1666330254
5580 1666330256
1620 1666330352
2900 1666330482
3060 1666330517
120 1666330551
7180 1666330605
360 1666330673
1320 1666330689
740 1666330694
100 1666330763
1740 1666330773
1980 1666330776
3800 1666330787
760 1666330968
5740 1666331025
3260 1666331059
7160 1666331078
1820 1666331105
3040 1666331128
780 1666331146
3580 1666331285
780 1666331291
5480 1666331512
740 1666331528
2060 1666331562
5240 1666331572
880 1666331831
2580 1666331900
3700 1666331906
3020 1666331914
4280 1666332058
1500 1666332116
340 1666332397
1400 1666332403
440 1666332405
700 1666332568
140 1666332571
360 1666332662
2120 1666332717
380 1666332765
940 1666332771
320 1666332812
1140 1666332813
2600 1666332819
620 1666332891
1200 1666332919
1360 1666332935
1460 1666332980
2300 1666333092
6840 1666333116
13320 1666333149
300 1666333232
300 1666333433
760 1666333449
1540 1666333538
1340 1666333554
1760 1666333563
4040 1666333578
1060 1666333647
1780 1666333650
2120 1666333661
620 1666333681
1220 1666333732
200 1666333771
120 1666333788
3440 1666333793
1580 1666333830
900 1666333890
1820 1666334115
1060 1666334127
980 1666334132
2580 1666334166
1240 1666334169
2820 1666334202
500 1666334255
380 1666334322
6120 1666334333
4700 1666334481
1000 1666334565
380 1666334649
460 1666334656
320 1666334671
640 1666334854
1700 1666334858
2220 1666334877
120 1666334948
16180 1666335034
2960 1666335346
2720 1666335445
360 1666335510
1060 1666335546
3760 1666335590
160 1666335605
5280 1666335611
1040 1666335657
420 1666335750
3780 1666335758
600 1666335796
1920 1666335876
700 1666335876
200 1666335890
1920 1666335968
5320 1666336060
380 1666336165
80 1666336183
1700 1666336319
4900 1666336356
1060 1666336416
360 1666336507
1540 1666336638
4260 1666336659
1040 1666336717
1080 1666336731
160 1666336742
1720 1666336849
1100 1666336895
420 1666336902
180 1666336910
3720 1666336949
460 1666336949
700 1666336998
1840 1666337099
6900 1666337138
2300 1666337163
5460 1666337183
1300 1666337188
1140 1666337198
840 1666337231
820 1666337262
260 1666337265
660 1666337283
300 1666337329
1440 1666337331
920 1666337343
2880 1666337358
4420 1666337417
19520 1666337419
5580 1666337582
1960 1666337623
3960 1666337727
880 1666337731
1500 1666337761
1220 1666337763
2460 1666337770
320 1666337913
2580 1666337929
2560 1666337979
640 1666338052
3920 1666338071
2020 1666338073
2480 1666338078
500 1666338169
760 1666338245
2120 1666338266
180 1666338377
3540 1666338429
9480 1666338438
5200 1666338496
3620 1666338524
2760 1666338534
1540 1666338551
8820 1666338568
9600 1666338601
1420 1666338668
300 1666338673
4340 1666338687
1040 1666338689
1700 1666338765
920 1666338777
6420 1666338793
1020 1666338808
6340 1666338824
660 1666338854
800 1666338876
1780 1666338905
1580 1666338947
200 1666339139
640 1666339155
400 1666339205
40 1666339243
120 1666339273
340 1666339327
340 1666339327
260 1666339327
260 1666339327
340 1666339327
180 1666339327
340 1666339327
420 1666339327
100 1666339327
440 1666339327
340 1666339327
340 1666339327
180 1666339327
260 1666339327
340 1666339327
340 1666339327
180 1666339327
340 1666339327
340 1666339327
60 1666339327
340 1666339327
180 1666339327
60 1666339327
340 1666339327
340 1666339327
20 1666339327
340 1666339327
260 1666339327
260 1666339327
340 1666339327
260 1666339327
60 1666339327
260 1666339336
420 1666339471
1420 1666339478
1620 1666339485
1560 1666339571
200 1666339604
2620 1666339617
1360 1666339638
2700 1666339642
11460 1666339656
820 1666339662
2420 1666339683
1480 1666339730
240 1666339778
5440 1666340119
1320 1666340155
180 1666340184
2820 1666340215
1700 1666340242
7880 1666340270
560 1666340274
4500 1666340278
2560 1666340313
1740 1666340328
720 1666340379
240 1666340390
1920 1666340417
3260 1666340554
7100 1666340574
3420 1666340743
2480 1666340764
520 1666340802
5280 1666340807
380 1666340886
2920 1666340995
16920 1666341012
7200 1666341170
1220 1666341256
1540 1666341286
3440 1666341349
3100 1666341400
4020 1666341449
3540 1666341533
160 1666341609
1800 1666341620
2980 1666341630
920 1666341786
2240 1666341788
4020 1666341942
440 1666341982
120 1666342141
2120 1666342216
1720 1666342248
1960 1666342249
1980 1666342249
2240 1666342249
2160 1666342249
6240 1666342249
80 1666342249
80 1666342249
2360 1666342249
2520 1666342249
2120 1666342249
4760 1666342249
4840 1666342249
2260 1666342249
7180 1666342249
2300 1666342249
4600 1666342249
80 1666342249
2160 1666342249
2080 1666342249
12440 1666342280
15140 1666342280
18880 1666342280
14880 1666342300
2020 1666342356
820 1666342378
760 1666342407
860 1666342450
8280 1666342495
1880 1666342541
2580 1666342594
2960 1666342697
2140 1666342725
120 1666342742
3060 1666342801
740 1666342843
4380 1666342866
5240 1666342866
4340 1666342867
12240 1666342867
2440 1666342867
2600 1666342867
5280 1666342867
3080 1666342867
2960 1666342867
220 1666342867
9480 1666342867
3100 1666342867
9280 1666342867
3260 1666342867
220 1666342867
3220 1666342867
5880 1666342867
3360 1666342867
7540 1666342867
420 1666342927
360 1666342963
7960 1666343009
2100 1666343009
9300 1666343009
4800 1666343009
5180 1666343009
2760 1666343009
2600 1666343009
2620 1666343009
3260 1666343009
3240 1666343009
3080 1666343009
3140 1666343009
3420 1666343009
80 1666343009
7560 1666343009
7820 1666343009
4060 1666343009
4160 1666343009
80 1666343009
2000 1666343091
5820 1666343119
7100 1666343119
8560 1666343119
2920 1666343119
3000 1666343119
3160 1666343119
3120 1666343119
180 1666343119
16640 1666343119
340 1666343119
11540 1666343119
4420 1666343121
220 1666343143
220 1666343143
100 1666343160
740 1666343173
4040 1666343245
400 1666343273
400 1666343298
3300 1666343341
200 1666343476
1260 1666343503
2120 1666343682
1600 1666343724
80 1666343726
11560 1666343847
2240 1666343967
100 1666344037
40 1666344135
440 1666344156
40 1666344281
1160 1666344296
440 1666344301
640 1666344360
980 1666344378
5800 1666344414
3120 1666344514
2680 1666344550
400 1666344574
5180 1666344605
3940 1666344614
1240 1666344619
2040 1666344853
5160 1666345038
5880 1666345063
7620 1666345072
9700 1666345186
2860 1666345257
520 1666345376
1120 1666345377
1020 1666345555
2080 1666345588
200 1666345610
440 1666345778
18140 1666345840
2400 1666345887
1120 1666345912
4680 1666345924
180 1666346110

